0 0.409375 0.790625 0.06875 0.159375
0 0.428125 0.521875 0.090625 0.23125
0 0.416406 0.1875 0.073438 0.153125
0 0.650781 0.159375 0.073438 0.18125
0 0.746875 0.1625 0.08125 0.1875
0 0.867969 0.165625 0.089063 0.175
0 0.966406 0.166406 0.064063 0.179688
0 0.973438 0.542969 0.05 0.160938
0 0.876563 0.546094 0.10625 0.167188
0 0.747656 0.557813 0.095313 0.18125
0 0.646875 0.554688 0.1 0.171875
0 0.753906 0.767969 0.176563 0.098438
0 0.6875 0.953125 0.1 0.0875
0 0.792188 0.960938 0.09375 0.065625
0 0.905469 0.957031 0.104688 0.082813
