0 0.622656 0.5625 0.085938 0.190625
0 0.830469 0.570313 0.070313 0.165625
0 0.916406 0.567188 0.070313 0.171875
0 0.945313 0.146875 0.08125 0.184375
0 0.774219 0.150781 0.085938 0.160938
0 0.592188 0.139844 0.065625 0.139063
0 0.527344 0.114844 0.070313 0.164063
0 0.292969 0.071094 0.160938 0.117188
0 0.296875 0.160156 0.1375 0.126563
0 0.294531 0.277344 0.164063 0.126563
0 0.297656 0.3875 0.142188 0.1125
0 0.317188 0.482031 0.125 0.126563
0 0.328125 0.574219 0.134375 0.129688
0 0.347656 0.676563 0.151563 0.13125
0 0.360938 0.792969 0.146875 0.129688
0 0.371094 0.932813 0.151563 0.115625
0 0.521094 0.927344 0.073438 0.142188
0 0.664844 0.724219 0.179688 0.092188
0 0.684375 0.817969 0.15625 0.082813
0 0.692969 0.901563 0.157813 0.071875
0 0.692969 0.971094 0.160938 0.051563
