1 0.339063 0.328125 0.234375 0.090625
0 0.589063 0.675 0.075 0.159375
0 0.700781 0.849219 0.076563 0.167188
0 0.724219 0.519531 0.073438 0.151563
0 0.571094 0.355469 0.085938 0.176563
0 0.711719 0.285938 0.073438 0.159375
0 0.564063 0.092188 0.075 0.159375
0 0.680469 0.079688 0.076563 0.15
0 0.925781 0.094531 0.129688 0.070313
0 0.928125 0.023438 0.134375 0.046875
0 0.933594 0.196875 0.126563 0.075
0 0.936719 0.283594 0.120313 0.064063
0 0.936719 0.376563 0.117188 0.08125
0 0.94375 0.46875 0.109375 0.06875
0 0.942188 0.557031 0.109375 0.070313
0 0.947656 0.649219 0.098438 0.073438
0 0.95 0.757031 0.09375 0.070313
0 0.958594 0.854688 0.079688 0.075
0 0.964063 0.949219 0.06875 0.073438
