1 0.338281 0.417188 0.232813 0.06875
0 0.5875 0.684375 0.08125 0.171875
0 0.699219 0.846875 0.060938 0.175
0 0.607031 0.921094 0.067188 0.151563
0 0.725 0.571094 0.065625 0.167188
0 0.576563 0.419531 0.08125 0.182813
0 0.717188 0.351563 0.071875 0.15625
0 0.685156 0.13125 0.070313 0.153125
0 0.565625 0.139844 0.06875 0.160938
0 0.960156 0.932031 0.073438 0.073438
0 0.95 0.832031 0.096875 0.076563
0 0.951563 0.721875 0.090625 0.08125
0 0.949219 0.627344 0.098438 0.060938
0 0.944531 0.529688 0.104688 0.078125
0 0.944531 0.442188 0.107813 0.071875
0 0.939063 0.341406 0.11875 0.070313
0 0.936719 0.252344 0.123438 0.067188
0 0.93125 0.144531 0.125 0.067188
0 0.93125 0.0625 0.13125 0.075
