1 0.385938 0.494531 0.234375 0.042188
0 0.654688 0.95 0.059375 0.096875
0 0.746875 0.9 0.075 0.1625
0 0.635938 0.739063 0.071875 0.1625
0 0.778125 0.625781 0.065625 0.164063
0 0.622656 0.473438 0.082813 0.184375
0 0.766406 0.398438 0.076563 0.1625
0 0.614844 0.188281 0.073438 0.160938
0 0.736719 0.173438 0.073438 0.159375
0 0.739844 0.029688 0.060938 0.059375
0 0.957031 0.102344 0.082813 0.070313
0 0.917969 0.146875 0.004688 0
0 0.960156 0.183594 0.076563 0.067188
0 0.960938 0.29375 0.065625 0.075
0 0.967188 0.385938 0.0625 0.065625
0 0.967188 0.49375 0.05625 0.071875
0 0.971094 0.584375 0.051563 0.0625
0 0.974219 0.678906 0.048438 0.060938
0 0.975 0.776563 0.04375 0.071875
0 0.974219 0.882031 0.048438 0.073438
