0 0.171875 0.5375 0.06875 0.115625
0 0.276563 0.550781 0.08125 0.157813
0 0.367969 0.522656 0.076563 0.142188
0 0.619531 0.750781 0.073438 0.151563
0 0.588281 0.96875 0.079688 0.05625
0 0.482031 0.975781 0.070313 0.045313
0 0.409375 0.974219 0.065625 0.048438
0 0.298438 0.948438 0.075 0.096875
0 0.209375 0.948438 0.08125 0.09375
0 0.103125 0.955469 0.084375 0.079688
0 0.023438 0.957813 0.046875 0.08125
0 0.727344 0.971875 0.085938 0.05
0 0.889844 0.985938 0.067188 0.025
0 0.970313 0.971875 0.05625 0.053125
0 0.779688 0.882031 0.121875 0.067188
