0 0.065625 0.1625 0.078125 0.165625
0 0.157031 0.161719 0.079688 0.176563
0 0.267188 0.164844 0.08125 0.179688
0 0.296094 0.55625 0.117188 0.16875
0 0.422656 0.545313 0.089063 0.1625
0 0.5125 0.558594 0.084375 0.142188
0 0.5875 0.696094 0.16875 0.089063
0 0.367969 0.782031 0.185938 0.085938
0 0.139063 0.783594 0.18125 0.085938
0 0.020313 0.546094 0.0375 0.154688
0 0.975 0.68125 0.059375 0.15625
0 0.861719 0.942969 0.076563 0.107813
0 0.59375 0.880469 0.159375 0.076563
0 0.579688 0.79375 0.153125 0.078125
0 0.138281 0.957813 0.114063 0.08125
