0 0.678906 0.842188 0.167188 0.090625
0 0.696094 0.754688 0.160938 0.075
0 0.701563 0.66875 0.15 0.075
0 0.698438 0.58125 0.171875 0.084375
0 0.9375 0.504688 0.078125 0.171875
0 0.696094 0.435156 0.160938 0.076563
0 0.36875 0.794531 0.121875 0.104688
0 0.383594 0.678906 0.154688 0.117188
0 0.385156 0.575 0.148438 0.1125
0 0.377344 0.471875 0.142188 0.121875
0 0.388281 0.358594 0.164063 0.126563
0 0.685938 0.31875 0.171875 0.090625
0 0.696094 0.214063 0.132813 0.06875
0 0.692188 0.136719 0.165625 0.076563
0 0.696875 0.054688 0.14375 0.078125
0 0.3875 0.125781 0.15625 0.120313
0 0.376563 0.040625 0.11875 0.08125
0 0.538281 0.045313 0.070313 0.0875
