0 0.93125 0.553906 0.075 0.176563
0 0.676563 0.360156 0.184375 0.085938
0 0.688281 0.478906 0.170313 0.089063
0 0.685938 0.632031 0.18125 0.085938
0 0.690625 0.719531 0.146875 0.076563
0 0.682813 0.809375 0.165625 0.078125
0 0.664063 0.9 0.171875 0.08125
0 0.367969 0.735938 0.157813 0.11875
0 0.364844 0.623438 0.148438 0.125
0 0.353906 0.850781 0.117188 0.110938
0 0.432813 0.946875 0.121875 0.109375
0 0.690625 0.25 0.140625 0.065625
0 0.685156 0.167969 0.167188 0.089063
0 0.690625 0.0875 0.15625 0.084375
0 0.371875 0.4 0.165625 0.134375
0 0.367969 0.519531 0.142188 0.123438
0 0.38125 0.157813 0.165625 0.1375
0 0.371094 0.059375 0.142188 0.10625
