1 0.778906 0.834375 0.060938 0.2375
0 0.086719 0.883594 0.085938 0.167188
0 0.71875 0.867969 0.090625 0.151563
0 0.835156 0.85 0.079688 0.16875
0 0.21875 0.445313 0.165625 0.078125
0 0.141406 0.215625 0.173438 0.0875
0 0.486719 0.247656 0.164063 0.073438
0 0.688281 0.201563 0.154688 0.078125
0 0.901563 0.182813 0.175 0.078125
0 0.809375 0.064063 0.165625 0.084375
0 0.578906 0.092188 0.170313 0.075
0 0.260156 0.10625 0.160938 0.078125
0 0.039844 0.364844 0.076563 0.079688
0 0.052344 0.110938 0.101563 0.084375
0 0.014844 0.885938 0.029688 0.14375
0 0.985156 0.069531 0.035938 0.064063
