0 0.396875 0.35 0.065625 0.165625
0 0.390625 0.075781 0.05625 0.151563
0 0.383594 0.74375 0.060938 0.16875
0 0.382031 0.939063 0.070313 0.115625
0 0.695313 0.758594 0.153125 0.079688
0 0.678125 0.664063 0.190625 0.09375
0 0.81875 0.902344 0.11875 0.151563
0 0.924219 0.901563 0.110938 0.159375
0 0.676563 0.453125 0.159375 0.075
0 0.701563 0.353125 0.15625 0.075
0 0.7 0.254688 0.14375 0.071875
0 0.691406 0.166406 0.173438 0.082813
0 0.698438 0.078906 0.159375 0.076563
0 0.680469 0.013281 0.145313 0.026563
