0 0.247656 0.854688 0.145313 0.09375
0 0.239063 0.760156 0.14375 0.070313
0 0.250781 0.564063 0.164063 0.096875
0 0.350781 0.474219 0.142188 0.154688
0 0.489844 0.48125 0.151563 0.14375
0 0.579688 0.423438 0.146875 0.15625
0 0.655469 0.380469 0.123438 0.151563
0 0.882813 0.332813 0.0625 0.16875
0 0.878906 0.15 0.082813 0.178125
0 0.871875 0.025 0.06875 0.046875
0 0.591406 0.809375 0.085938 0.184375
0 0.695313 0.808594 0.065625 0.170313
0 0.792969 0.810938 0.076563 0.15
0 0.889844 0.822656 0.067188 0.164063
0 0.970313 0.821094 0.053125 0.173438
