0 0.649219 0.364063 0.154688 0.090625
0 0.608594 0.494531 0.173438 0.092188
0 0.653906 0.620313 0.164063 0.0875
0 0.4375 0.611719 0.1625 0.089063
0 0.371094 0.485156 0.139063 0.085938
0 0.449219 0.352344 0.160938 0.098438
0 0.185156 0.335938 0.148438 0.084375
0 0.182813 0.475 0.146875 0.084375
0 0.204688 0.589844 0.159375 0.092188
0 0.041406 0.590625 0.089063 0.075
0 0.030469 0.464063 0.070313 0.071875
0 0.019531 0.350781 0.042188 0.067188
2 0.967188 0.580469 0.0625 0.520313
1 0.119531 0.090625 0.101563 0.18125
