0 0.426563 0.950781 0.071875 0.095313
0 0.546875 0.920313 0.090625 0.15625
0 0.682031 0.935938 0.085938 0.121875
0 0.675 0.742969 0.08125 0.170313
0 0.651563 0.467969 0.075 0.157813
0 0.503906 0.488281 0.089063 0.154688
0 0.398438 0.532031 0.0875 0.164063
0 0.367969 0.317969 0.085938 0.173438
0 0.5 0.278906 0.08125 0.170313
0 0.60625 0.240625 0.071875 0.15625
0 0.353906 0.107813 0.082813 0.1625
0 0.480469 0.073438 0.073438 0.14375
0 0.604688 0.067188 0.090625 0.134375
1 0.89375 0.378125 0.209375 0.0875
