0 0.250781 0.082031 0.154688 0.120313
0 0.24375 0.185938 0.153125 0.11875
0 0.255469 0.3 0.157813 0.134375
0 0.253906 0.415625 0.145313 0.115625
0 0.264063 0.517969 0.14375 0.126563
0 0.284375 0.609375 0.1375 0.125
0 0.303125 0.716406 0.14375 0.132813
0 0.3125 0.83125 0.153125 0.125
0 0.326563 0.960938 0.134375 0.06875
0 0.582813 0.595313 0.096875 0.190625
0 0.621094 0.764063 0.167188 0.0875
0 0.639844 0.853906 0.154688 0.073438
0 0.646875 0.946094 0.153125 0.079688
0 0.789844 0.602344 0.067188 0.160938
0 0.876563 0.598438 0.071875 0.184375
0 0.485156 0.130469 0.070313 0.173438
0 0.554688 0.158594 0.059375 0.129688
0 0.733594 0.165625 0.073438 0.14375
0 0.9125 0.157813 0.065625 0.18125
0 0.978125 0.163281 0.034375 0.176563
