1 0.91875 0.509375 0.159375 0.06875
0 0.444531 0.900781 0.082813 0.164063
0 0.570313 0.807031 0.078125 0.157813
0 0.721875 0.875781 0.078125 0.176563
0 0.703125 0.592188 0.075 0.153125
0 0.555469 0.604688 0.079688 0.1625
0 0.445313 0.655469 0.090625 0.164063
0 0.417969 0.432813 0.079688 0.175
0 0.542188 0.385938 0.0875 0.18125
0 0.659375 0.347656 0.071875 0.173438
0 0.658594 0.153906 0.076563 0.160938
0 0.525781 0.154688 0.079688 0.165625
0 0.403906 0.208594 0.070313 0.154688
0 0.64375 0.015625 0.06875 0.028125
