1 0.904688 0.670313 0.196875 0.053125
0 0.536719 0.935938 0.089063 0.128125
0 0.68125 0.961719 0.06875 0.076563
0 0.66875 0.721875 0.09375 0.16875
0 0.516406 0.739844 0.085938 0.160938
0 0.404688 0.789063 0.090625 0.16875
0 0.378125 0.567969 0.0875 0.176563
0 0.509375 0.521094 0.084375 0.176563
0 0.624219 0.48125 0.079688 0.16875
0 0.624219 0.286719 0.076563 0.154688
0 0.492969 0.286719 0.092188 0.185938
0 0.364844 0.340625 0.076563 0.1625
0 0.6125 0.079688 0.078125 0.153125
0 0.478906 0.053906 0.079688 0.104688
0 0.35625 0.032031 0.08125 0.054688
0 0.40625 0.978125 0.075 0.040625
