0 0.614063 0.952344 0.165625 0.085938
0 0.30625 0.901563 0.121875 0.1
0 0.465625 0.792188 0.071875 0.1625
0 0.31875 0.789844 0.14375 0.120313
0 0.31875 0.68125 0.15 0.121875
0 0.317188 0.572656 0.1375 0.120313
0 0.329688 0.451563 0.1625 0.14375
0 0.332031 0.201563 0.170313 0.140625
0 0.321094 0.090625 0.148438 0.14375
0 0.654688 0.0375 0.146875 0.075
0 0.64375 0.130469 0.159375 0.092188
0 0.638281 0.214844 0.164063 0.079688
0 0.639844 0.3 0.129688 0.06875
0 0.629688 0.411719 0.175 0.092188
0 0.640625 0.528906 0.159375 0.085938
0 0.635938 0.685156 0.178125 0.082813
0 0.642188 0.771875 0.15 0.075
0 0.632813 0.861719 0.153125 0.076563
0 0.882813 0.605469 0.08125 0.173438
0 0.969531 0.601563 0.048438 0.165625
