0 0.416406 0.853125 0.085938 0.159375
0 0.539063 0.96875 0.06875 0.0625
0 0.676563 0.784375 0.071875 0.159375
0 0.532031 0.803906 0.076563 0.154688
0 0.523438 0.589063 0.08125 0.178125
0 0.635938 0.55 0.078125 0.171875
0 0.389844 0.630469 0.089063 0.176563
0 0.383594 0.414063 0.073438 0.16875
0 0.503906 0.358594 0.089063 0.182813
0 0.6375 0.35 0.078125 0.1625
0 0.624219 0.135156 0.082813 0.179688
0 0.492969 0.088281 0.073438 0.167188
0 0.375 0.064844 0.075 0.126563
1 0.910156 0.757813 0.179688 0.08125
