0 0.446094 0.763281 0.154688 0.082813
0 0.570313 0.663281 0.1125 0.157813
0 0.710156 0.632813 0.092188 0.171875
0 0.799219 0.598438 0.092188 0.15625
0 0.880469 0.576563 0.073438 0.159375
0 0.414844 0.633594 0.132813 0.095313
0 0.413281 0.538281 0.145313 0.079688
0 0.421094 0.450781 0.142188 0.079688
0 0.402344 0.363281 0.142188 0.085938
0 0.429688 0.234375 0.215625 0.09375
0 0.442969 0.085938 0.157813 0.08125
0 0.660938 0.114063 0.075 0.165625
0 0.747656 0.167188 0.073438 0.1625
0 0.724219 0.297656 0.157813 0.120313
0 0.957813 0.413281 0.078125 0.079688
0 0.975 0.059375 0.04375 0.078125
0 0.970313 0.148438 0.05625 0.078125
0 0.980469 0.228906 0.039063 0.073438
